4.24931
2.47647
6
Shape 7
15
6
0 0
1.55155 0.44203
2.59623 0.57256
1.83286 0.76849
1.96821 0.8587
0.51671 0.83717
Shape 6
12
4
0 0
1.02831 0.9446
0.66102 1.34362
0.08674 1.24321
Shape 5
12
8
0 0
0.25008 1.02492
0.32491 0.81663
0.70137 0.87476
1.27611 0.33032
0.62526 0.23638
0.20055 0.07085
0.15697 0.17948
Shape 4
8
5
0 0
1.52245 0.19677
1.45373 0.39082
0.34813 0.32711
0.26683 0.37579
Shape 3
7
4
0 0
1.83851 0.09702
1.5681 1.05726
0.00364 0.25675
Shape 2
6
4
0 0
1.18832 0.05967
0.15374 0.51058
0.04222 0.33695
