4.04401
4.94496
6
Shape 7
13
7
0 0
0.86205 0.94836
0.27922 1.03942
0.33571 0.53386
0.15235 0.33674
0.2194 1.29257
0.16827 1.44717
Shape 6
13
6
0 0
0.70576 0.76751
0.42815 2.17264
3.07363 2.15559
2.94603 1.17555
3.10998 0.98567
Shape 5
14
4
0 0
0.24749 1.38434
0.57538 2.06665
1.34428 0.56639
Shape 4
14
4
0 0
1.54261 0.82815
0.74391 1.06936
0.55315 1.18431
Shape 3
13
8
0 0
1.84792 0.51873
0.55674 1.40285
0.82144 0.29572
0.20176 0.2241
0.54425 0.78633
0.1288 1.37339
0.14391 1.05462
Shape 2
9
4
0 0
0.15599 1.37605
0.91289 0.44696
0.39372 0.13402
