2.36957
2.38289
6
Shape 7
14
5
0 0
0.48287 1.28257
1.40278 1.2888
0.8779 0.95156
1.34691 0.078
Shape 6
8
5
0 0
0.62479 1.33339
0.55017 1.34728
0.10106 1.47303
0.0089 0.63673
Shape 5
11
3
0 0
0.14428 0.54092
1.02629 0.46415
Shape 4
11
4
0 0
0.86555 0.00634
0.23548 0.29693
0.15887 0.32617
Shape 3
11
8
0 0
0.05518 0.61209
0.41927 0.01689
0.22362 0.08357
0.05072 0.26151
0.02545 0.17531
0.12984 0.13978
0.3402 0.01188
Shape 2
12
6
0 0
0.74124 0.13098
0.7457 0.29471
0.66819 0.32132
0.81933 0.42212
0.1912 0.42395
