4.60275
3.53909
6
Shape 7
14
5
0 0
0.17277 0.1313
0.87105 1.16029
3.0781 1.17225
3.13321 0.46242
Shape 6
13
4
0 0
0.02035 0.74264
0.93823 0.72196
1.1412 0.09879
Shape 5
11
6
0 0
0.50918 0.61601
1.80374 0.43232
2.87641 0.60562
2.87793 0.4186
2.97176 0.10394
Shape 4
6
8
0 0
0.45884 0.12784
0.22646 0.23382
0.21501 0.11066
0.02843 0.09986
0.0953 0.53038
0.08961 0.52954
3e-05 0.29298
Shape 3
13
7
0 0
1.1904 0.21395
0.83501 0.31376
1.4998 0.5713
1.04616 0.68914
0.88354 1.07927
0.34042 0.99012
Shape 2
6
4
0 0
0.59546 0.03664
0.71186 0.41639
0.55878 0.57623
