3.92555
4.72052
6
Shape 7
12
5
0 0
0.00764 0.14391
0.15167 0.26382
0.69081 0.00638
0.15774 0.01195
Shape 6
10
7
0 0
0.21943 0.69902
0.36542 0.98272
0.54481 0.54845
1.59813 1.1371
1.46311 0.19168
1.568 0.09129
Shape 5
12
7
0 0
0.72277 0.03259
2.37832 2.69758
0.8406 2.4767
0.20165 3.15081
0.07169 1.70315
0.98504 0.85013
Shape 4
14
5
0 0
0.50793 0.19089
0.65531 2.02748
0.00605 2.02737
0.22087 1.16838
Shape 3
13
4
0 0
1.18756 0.7334
0.83762 2.03209
0.33323 2.933
Shape 2
8
3
0 0
0.03817 2.76909
0.6002 1.47629
