4.32535
4.43185
6
Shape 7
13
8
0 0
0.46484 1.20979
1.31559 3.37923
1.31352 3.64676
1.08902 3.12316
0.76672 2.58381
0.7656 3.20067
0.04506 2.34119
Shape 6
5
8
0 0
0.42142 0.23783
0.76074 0.04348
1.16694 0.89208
0.46502 1.34932
0.4851 0.94281
0.44087 0.97233
0.00038 0.67336
Shape 5
10
3
0 0
1.4422 0.24936
0.49195 1.64823
Shape 4
11
4
0 0
0.16509 1.82237
2.75792 0.63992
2.37868 0.31758
Shape 3
13
4
0 0
1.0355 0.49575
0.22678 0.8572
0.35213 0.51838
Shape 2
15
6
0 0
0.95079 1.09497
1.09547 1.11775
0.70927 0.44953
1.3153 0.58686
1.79904 0.27246
