3.09664
4.99063
6
Shape 7
14
3
0 0
0.02588 0.93088
0.9625 0.37647
Shape 6
5
7
0 0
0.28535 0.00413
0.96259 0.41453
0.22971 0.5077
0.52109 1.1937
0.36259 1.31693
0.19548 0.55715
Shape 5
14
8
0 0
0.12827 2.47086
0.2097 2.4128
1.42438 1.81065
0.89872 1.43154
1.74061 0.79169
0.8899 0.64378
0.81267 1.71268
Shape 4
14
4
0 0
0.38018 1.84356
1.04061 1.40394
0.90724 0.09732
Shape 3
11
6
0 0
0.99273 1.18769
1.11406 2.69929
0.38913 1.52261
0.48776 2.88738
0.27216 3.32074
Shape 2
9
3
0 0
0.44864 0.46181
0.13201 0.47641
