4.66199
3.72007
6
Shape 7
13
7
0 0
0.8887 2.11694
2.54811 1.83625
1.48553 0.65051
1.87897 0.13917
1.81613 0.0561
0.68936 0.00183
Shape 6
12
4
0 0
0.34301 0.55057
0.23692 0.65798
0.07178 0.73449
Shape 5
13
6
0 0
0.91785 0.00249
1.06654 0.99568
0.59055 0.57998
0.46616 0.18849
0.06039 0.74477
Shape 4
9
4
0 0
0.59487 0.57259
0.17118 1.18834
0.04493 1.04025
Shape 3
15
8
0 0
0.22016 1.89226
1.44259 2.6035
1.53649 2.01064
0.13483 0.51321
1.06817 0.1201
1.13664 0.00988
0.29139 0.1864
Shape 2
15
6
0 0
1.90207 0.16253
2.8817 0.85385
1.31503 0.72644
1.29443 0.86282
0.31303 0.2361
