2.17896
3.26311
6
Shape 7
5
3
0 0
0.09138 0.95474
0.336 0.8085
Shape 6
6
8
0 0
0.86427 0.08061
0.61383 0.38761
0.27066 0.22553
0.0111 0.20312
0.79473 0.12436
0.4055 0.0678
0.43442 0.14714
Shape 5
10
4
0 0
0.60666 0.21515
0.1093 0.79382
0.15028 0.41405
Shape 4
10
8
0 0
0.37556 0.02874
1.07589 0.44511
0.95866 0.47811
0.50172 0.42636
0.17856 0.52054
0.43152 0.11786
0.01938 0.20998
Shape 3
15
7
0 0
0.59401 1.91969
0.86696 1.12996
1.33055 1.51978
1.95303 0.53999
0.7181 0.64661
0.90173 0.2764
Shape 2
5
4
0 0
0.23866 0.56472
0.53216 0.94884
0.00034 1.2086
