3.02007
2.55306
6
Shape 7
10
6
0 0
0.04376 0.54459
0.22714 1.00882
0.5291 1.00081
0.86991 0.89103
0.91105 0.38491
Shape 6
15
6
0 0
0.36741 1.04501
1.22483 1.1227
0.98426 0.99079
1.80215 0.38088
1.44799 0.37003
Shape 5
12
5
0 0
0.73961 0.10179
1.12707 0.86022
0.46588 0.85003
0.20971 0.38917
Shape 4
12
5
0 0
0.42695 0.89402
1.26748 0.79122
1.02698 0.23443
1.30485 0.03214
Shape 3
15
7
0 0
0.04455 0.1123
0.48638 0.28295
1.24173 0.60734
1.74046 0.47537
1.14133 0.48674
1.02008 0.1433
Shape 2
7
3
0 0
0.05341 0.73251
0.62933 0.98563
