2.35425
2.565
6
Shape 7
7
5
0 0
0.30786 0.54136
0.3274 0.22362
0.2297 0.24876
0.35809 0.076
Shape 6
8
5
0 0
0.36162 0.43346
0.10866 0.68589
0.04708 0.5624
0.0619 0.55154
Shape 5
12
5
0 0
0.08074 0.37101
0.57097 1.04647
1.11248 0.33896
0.65699 0.06489
Shape 4
12
5
0 0
0.21268 1.27176
0.40644 1.3241
0.82603 1.66723
0.7233 0.65474
Shape 3
8
5
0 0
0.48306 0.22778
0.82043 0.3885
0.83321 0.72925
0.38052 1.2057
Shape 2
6
6
0 0
1.22057 0.10183
1.20081 0.00292
1.51901 0.25106
0.79136 0.95064
0.79367 0.80131
