3.53905
4.05709
6
Shape 7
13
7
0 0
0.69079 0.92669
1.0928 0.16819
0.94609 1.79277
0.05284 1.78619
0.05646 1.09615
0.19965 1.29815
Shape 6
7
4
0 0
0.10864 0.44493
1.51919 0.47439
0.92669 0.12495
Shape 5
9
5
0 0
1.68781 0.02611
0.64242 0.82551
0.66574 0.63929
0.14652 0.50683
Shape 4
6
5
0 0
1.78001 0.29052
1.94298 0.88155
1.1801 1.10917
0.13704 0.79723
Shape 3
15
8
0 0
0.67049 2.11842
1.5897 2.09786
1.00806 1.59009
0.79862 1.32714
1.30785 1.11659
1.62219 1.29398
1.57733 0.62456
Shape 2
9
4
0 0
0.34019 0.4836
0.58746 0.18007
0.12697 0.02329
