4.15334
4.92229
6
Shape 7
14
4
0 0
0.24724 0.10424
1.33473 0.59913
0.0338 0.97108
Shape 6
14
5
0 0
0.16437 1.93278
0.22406 3.12077
0.39342 0.77605
0.41322 0.66978
Shape 5
11
6
0 0
0.19054 0.15321
0.77633 0.90273
0.56272 1.05975
0.52579 1.15205
0.1067 0.69664
Shape 4
13
6
0 0
0.18573 1.5342
0.98244 2.98886
1.89307 2.47197
2.24346 1.09243
2.21315 0.42735
Shape 3
9
7
0 0
0.91246 0.57454
0.81349 0.33257
0.83594 0.1933
1.08746 0.05728
0.69483 1.35499
0.01796 1.06568
Shape 2
12
6
0 0
1.22868 0.58074
1.27425 0.39428
0.70846 0.08353
0.8479 0.09554
1.0425 0.02133
