3.75967
4.71522
6
Shape 7
8
4
0 0
0.48259 0.06528
0.18371 1.27988
0.07397 0.89592
Shape 6
10
8
0 0
0.15981 0.25021
0.69516 1.16137
0.79818 1.02228
0.31838 0.18826
0.85903 0.33185
1.23058 0.14785
1.2022 0.09881
Shape 5
15
4
0 0
0.5952 2.18176
2.2743 2.534
1.91697 0.69466
Shape 4
5
3
0 0
1.13915 0.56872
1.20406 2.55122
Shape 3
6
6
0 0
0.36453 0.19891
0.07266 2.4385
0.04445 2.42937
0.14174 0.35066
0.01261 0.32037
Shape 2
15
6
0 0
0.00179 0.20564
0.01419 0.43901
0.48697 0.83249
0.54927 0.80658
1.36799 0.13693
