4.30761
4.53179
6
Shape 7
9
6
0 0
0.83172 0.23027
0.69315 0.51733
0.41292 0.7885
0.1041 0.54449
0.27906 0.42291
Shape 6
12
4
0 0
1.28979 0.8168
0.90171 1.44808
0.42862 1.26885
Shape 5
6
5
0 0
1.05986 0.12508
0.44383 0.98045
0.0769 0.53553
0.36913 0.54767
Shape 4
10
4
0 0
3.0828 0.23836
2.28223 1.40047
0.52509 2.6902
Shape 3
15
7
0 0
0.07416 0.35436
0.49887 2.96741
0.7678 2.15512
0.56415 2.22028
0.52649 1.3579
0.55854 0.36027
Shape 2
12
6
0 0
0.48899 2.24516
0.64069 1.4753
0.35271 1.48463
0.41552 0.70208
0.48961 0.25059
