3.70866
3.78685
6
Shape 7
10
8
0 0
0.52796 2.53108
1.08886 1.32777
1.51842 1.59736
2.1033 0.65738
1.22949 0.37703
1.08612 0.01804
0.28837 0.29242
Shape 6
15
5
0 0
0.06751 0.55346
0.05138 0.54839
0.13641 0.88292
0.22613 0.05189
Shape 5
14
3
0 0
0.85803 0.57449
1.37502 0.14902
Shape 4
9
6
0 0
0.32351 0.43024
1.31426 0.81294
1.98498 0.24188
1.19344 0.28391
1.66744 0.12974
Shape 3
7
6
0 0
0.09048 0.56041
0.16475 0.84961
0.27352 1.2362
0.48152 0.18786
0.38644 0.12905
Shape 2
15
5
0 0
1.04244 1.19962
2.08677 2.02783
1.11886 2.51191
0.52852 1.91583
