2.45296
4.9876
6
Shape 7
5
3
0 0
0.83448 0.50158
0.19495 2.08026
Shape 6
5
8
0 0
0.40447 0.05281
0.40367 1.65444
0.00701 0.44838
0.03704 0.19108
0.19753 0.30622
0.13877 0.02818
0.0661 0.17533
Shape 5
10
5
0 0
0.6746 1.33221
1.00278 1.51901
0.89061 0.35133
0.75361 0.22833
Shape 4
8
5
0 0
0.11067 0.09546
0.318 0.26759
0.08247 1.32863
0.07714 1.22805
Shape 3
5
7
0 0
0.13135 1.69401
0.29525 1.95142
0.98308 1.37074
0.39398 1.1104
0.52532 0.88934
0.89245 0.04462
Shape 2
15
4
0 0
0.31997 0.68668
1.517 2.78264
0.08806 3.39831
