3.11764
3.4803
6
Shape 7
9
3
0 0
0.16898 0.33573
0.40656 0.15149
Shape 6
9
7
0 0
0.36257 1.00076
1.6173 1.53196
2.32494 0.50499
1.63162 0.77048
1.45136 1.2223
1.10708 0.07657
Shape 5
14
3
0 0
0.03081 0.97109
0.86485 0.42712
Shape 4
6
7
0 0
0.61962 0.22743
0.39549 0.39937
0.03862 0.23869
0.28836 0.18202
0.23476 0.09423
0.07344 0.13807
Shape 3
12
8
0 0
0.19869 0.95978
1.47319 0.09716
0.53549 0.23121
0.67695 0.12129
0.32893 0.15838
0.80182 0.54087
0.65931 0.5376
Shape 2
8
5
0 0
1.6359 0.06188
1.94021 0.21556
2.63827 1.23331
0.5205 1.34377
