4.31337
2.89774
6
Shape 7
13
6
0 0
0.63399 1.10407
0.33026 0.9659
0.20092 0.97092
0.20199 0.89488
0.12136 1.02802
Shape 6
9
4
0 0
1.66197 0.22747
1.55604 0.92443
0.22255 0.9142
Shape 5
7
4
0 0
0.27997 0.3915
0.26774 0.62981
1.14149 0.03461
Shape 4
13
4
0 0
0.08955 0.77468
1.37917 1.1673
0.92076 0.18874
Shape 3
8
7
0 0
0.15039 0.28198
0.50537 0.14993
0.2916 0.55002
0.36812 1.02621
0.26201 1.09952
0.11185 1.06844
Shape 2
15
7
0 0
2.43754 0.38614
2.45796 0.41874
2.78942 0.90178
1.9318 0.94622
0.62171 0.78977
0.07095 0.81558
