4.38909
3.44635
6
Shape 7
10
7
0 0
1.94027 0.75078
1.31758 1.62254
1.14789 1.54252
1.04981 1.69132
0.65474 0.60502
0.0689 1.49678
Shape 6
6
4
0 0
0.10106 0.98137
0.44947 0.89945
0.49651 0.32365
Shape 5
14
7
0 0
0.11964 0.83232
1.21144 0.63275
0.66111 0.22471
0.18979 0.64433
0.15893 0.62327
0.21786 0.32536
Shape 4
5
7
0 0
0.08274 0.74023
0.36078 0.51882
0.69178 0.72999
0.83928 0.13053
0.41368 0.28645
0.31183 0.07415
Shape 3
10
6
0 0
0.60765 0.4599
0.16516 1.01293
2.3504 1.6908
2.8325 1.62369
2.78639 0.03078
Shape 2
12
8
0 0
0.20558 0.77938
0.76934 0.42502
1.60657 0.38315
1.11819 0.03982
0.2883 0.53241
0.2256 0.46954
0.38406 0.2938
