4.91362
3.44537
6
Shape 7
15
8
0 0
2.53661 1.54779
2.87292 1.6034
3.33784 1.82753
4.38868 1.40303
3.00928 0.57346
2.38746 0.57357
4.2393 0.07196
Shape 6
8
5
0 0
1.33054 0.47367
0.92827 0.85621
0.96616 0.97059
0.64761 0.91775
Shape 5
6
7
0 0
0.33974 0.31217
0.443 0.33344
0.67598 0.44375
0.60546 0.30032
0.59215 0.1976
0.59407 0.04679
Shape 4
5
5
0 0
0.31127 0.10003
0.05664 0.23677
0.05632 0.54751
0.01228 0.58626
Shape 3
13
3
0 0
0.79992 0.00408
0.18595 0.87409
Shape 2
13
4
0 0
2.39359 0.91517
0.24445 1.35864
0.51748 0.71138
