3.16273
3.22703
6
Shape 7
15
5
0 0
0.80191 0.00061
1.07898 0.16938
1.07284 0.43382
0.60149 0.21097
Shape 6
10
8
0 0
0.46583 0.7018
0.81596 0.05363
0.44638 0.24298
0.32423 0.26425
0.21799 0.01868
0.16444 0.02098
0.14678 0.02488
Shape 5
6
6
0 0
1.06582 1.25731
0.73131 1.28675
0.07324 1.22366
0.24227 1.06255
0.04801 0.98996
Shape 4
14
6
0 0
0.28366 1.15239
0.39994 1.29509
0.28563 1.92096
0.88601 1.92957
1.1132 0.12531
Shape 3
13
6
0 0
0.2351 1.23313
0.53307 1.33966
0.12524 0.46777
0.4889 0.70115
1.08414 0.25299
Shape 2
15
4
0 0
0.06069 0.72923
0.8407 0.96879
1.55563 0.18957
