3.16349
4.03442
6
Shape 7
10
6
0 0
1.16277 1.27044
0.49757 1.45315
0.709 2.63421
0.21484 2.55448
0.31694 2.15814
Shape 6
11
6
0 0
0.26043 0.55795
1.41648 1.15012
1.2094 0.80688
1.23924 0.1868
1.07693 0.39061
Shape 5
8
5
0 0
0.05051 0.25038
0.79873 1.02567
1.1475 0.18426
0.68288 0.47213
Shape 4
7
7
0 0
1.01501 2.06524
1.064 1.61018
1.63942 2.43134
2.46931 1.05655
2.4976 0.86965
1.79037 0.23445
Shape 3
8
4
0 0
1.90985 0.07824
1.9618 0.17008
1.94396 1.03481
Shape 2
14
5
0 0
0.21385 0.80165
1.12293 1.32647
1.20695 0.13753
0.19936 0.11717
