4.08339
2.85713
6
Shape 7
11
5
0 0
0.75178 1.03827
0.86258 0.43618
1.04844 0.14381
0.62797 0.0348
Shape 6
14
6
0 0
1.73049 0.15212
2.56776 1.61227
0.05025 1.91798
0.23581 1.13449
0.55746 1.20311
Shape 5
15
4
0 0
0.07551 0.92268
0.94766 0.63547
1.36051 0.25392
Shape 4
9
8
0 0
0.25595 0.77678
0.39457 1.06142
1.83501 0.86307
0.68747 0.53679
1.46356 0.01577
1.03049 0.06628
0.51735 0.10685
Shape 3
13
7
0 0
0.40047 0.07604
0.7972 0.51734
0.61342 0.46896
0.32285 0.3539
0.25664 0.05959
0.0413 0.0476
Shape 2
5
3
0 0
1.57937 0.18949
0.23257 0.70304
