2.33395
3.67004
6
Shape 7
5
8
0 0
0.63583 0.72396
0.73463 0.39067
0.46496 0.04952
0.46276 0.06032
0.60533 0.56313
0.60441 0.61548
0.32786 0.02655
Shape 6
12
5
0 0
0.48635 0.06748
1.18381 1.7145
0.4345 1.54883
0.42149 0.8536
Shape 5
10
3
0 0
1.13526 0.15956
0.63236 1.62021
Shape 4
14
4
0 0
0.46218 0.92937
1.50048 0.60658
1.61817 0.56012
Shape 3
12
6
0 0
0.6734 0.41426
1.00242 1.13009
0.85405 1.53804
0.73084 1.01897
0.18227 0.71129
Shape 2
6
7
0 0
0.11862 0.64085
0.54984 2.09959
0.45347 0.81071
0.3586 0.9023
0.20884 0.76655
0.39372 0.15531
