2.36436
2.68709
6
Shape 7
5
7
0 0
0.40076 0.29868
0.18541 0.59974
1.30656 0.24416
1.22169 0.09602
1.00488 0.29068
0.78726 0.07875
Shape 6
14
5
0 0
0.45206 0.71535
1.44181 1.71957
1.5108 0.68311
1.0529 0.54044
Shape 5
12
4
0 0
0.59604 0.19736
0.87543 0.5635
0.46445 1.2645
Shape 4
12
3
0 0
0.06167 0.69563
0.39273 0.28094
Shape 3
8
5
0 0
1.48084 0.87963
1.02035 1.00968
0.96651 1.02804
0.13288 0.27769
Shape 2
13
7
0 0
0.21967 0.49867
0.90103 0.54771
0.74925 0.04917
0.72127 0.13648
0.65425 0.49037
0.5868 0.35427
