3.4472
3.9799
6
Shape 7
10
6
0 0
0.77129 0.45343
0.69105 0.72739
0.53142 0.73788
0.23215 0.43767
0.06392 0.60807
Shape 6
11
7
0 0
0.03525 0.43272
0.75155 1.56024
0.81758 1.23147
1.3099 0.80817
1.1167 0.67875
1.32123 0.3832
Shape 5
5
4
0 0
1.77058 1.09897
1.73679 0.81105
2.0562 0.08719
Shape 4
7
4
0 0
2.52048 0.88619
1.17692 2.58324
0.40171 2.70393
Shape 3
10
7
0 0
0.03825 0.77124
0.55262 0.44787
0.62338 0.37176
1.46797 0.71794
1.47137 0.02044
0.27438 0.02297
Shape 2
5
4
0 0
0.09551 2.58875
0.96436 1.88353
0.9419 1.40977
