2.4258
3.31039
6
Shape 7
15
7
0 0
0.37498 1.40824
0.84997 1.87422
1.97936 0.89903
1.69629 0.37934
1.55285 0.0966
1.1877 0.41532
Shape 6
11
3
0 0
0.08555 0.6601
0.46317 0.46083
Shape 5
15
4
0 0
0.29546 0.07307
0.31027 0.57263
0.15743 0.45775
Shape 4
5
8
0 0
0.23441 0.10382
0.77684 0.46282
0.81738 0.31963
0.65345 0.08296
0.96092 0.07303
1.05043 0.0662
0.91952 0.0131
Shape 3
9
8
0 0
0.00775 0.23862
0.27481 0.42823
0.44712 0.37721
0.46315 0.27375
0.51096 0.0565
0.42077 0.07689
0.31822 0.04949
Shape 2
15
4
0 0
0.43183 0.68892
0.18202 0.64839
0.10924 0.80485
