3.5726
2.49745
6
Shape 7
8
3
0 0
0.86801 0.11518
0.00777 1.25011
Shape 6
11
6
0 0
2.04158 0.25409
1.68057 0.78965
2.35191 1.24528
0.06181 1.34433
0.67596 0.78275
Shape 5
12
4
0 0
1.26996 0.82854
2.13085 0.79729
1.72018 0.37253
Shape 4
7
5
0 0
0.30332 0.12001
0.30436 0.18894
0.59776 0.92099
0.43901 1.40719
Shape 3
6
4
0 0
0.26667 0.26929
0.03098 0.56502
0.05574 0.32174
Shape 2
12
8
0 0
0.16857 0.37863
0.36442 0.22722
0.14672 0.12893
0.67085 0.07769
0.60981 0.01843
0.25547 0.07872
0.18364 0.08754
