2.82346
2.73732
6
Shape 7
13
3
0 0
0.76783 0.66236
0.07667 1.05963
Shape 6
15
4
0 0
0.13906 0.73717
0.61722 0.64348
0.70097 0.39375
Shape 5
13
4
0 0
0.1734 0.3875
0.03438 1.17647
2.21954 0.19423
Shape 4
7
8
0 0
0.82314 0.33413
0.39799 0.3928
0.19607 0.53238
0.20845 0.13529
0.00082 0.1092
0.00356 0.09192
0.02263 0.07592
Shape 3
12
5
0 0
0.42989 0.93047
0.79682 1.4021
0.55568 0.2361
0.20039 0.01375
Shape 2
7
8
0 0
0.56692 0.40161
0.75096 0.37795
0.49097 0.13919
1.19493 0.20861
1.06031 0.11955
1.01293 0.1495
0.62522 0.063
