2.52154
4.91809
6
Shape 7
15
3
0 0
0.01129 1.93401
1.07431 2.44112
Shape 6
14
7
0 0
0.35036 1.09062
0.31902 1.56465
0.0685 1.72744
0.00484 2.10753
0.01354 0.86629
0.00128 0.23382
Shape 5
15
6
0 0
0.19747 2.57127
0.43292 2.36384
1.01349 0.85245
1.26272 0.48757
0.73425 0.15706
Shape 4
6
8
0 0
0.64647 0.15122
0.67261 0.59098
0.27356 0.58635
0.12288 0.59455
0.16883 0.28924
0.40373 0.47717
0.63658 0.50868
Shape 3
13
6
0 0
0.09495 0.57261
0.4851 0.5136
0.47215 0.05442
0.20434 0.50719
0.18271 0.21013
Shape 2
10
3
0 0
1.05834 0.06604
0.1813 0.91554
