3.37237
3.33113
6
Shape 7
13
6
0 0
1.67693 0.86601
0.92236 2.00313
0.17095 1.15446
0.22225 0.75583
0.24322 0.66392
Shape 6
11
7
0 0
1.92991 1.32178
0.533 1.73261
0.58826 1.25607
1.31572 1.35584
1.32921 0.95923
0.10464 1.19716
Shape 5
9
6
0 0
0.13225 0.67558
0.63609 1.14047
0.55023 0.39454
0.30155 0.34985
0.29212 0.13773
Shape 4
15
5
0 0
0.49321 0.48169
0.54213 0.74194
0.76916 0.5554
0.85994 0.09364
Shape 3
7
5
0 0
0.16781 1.94322
0.70325 0.94054
0.54657 0.47809
0.44543 0.28268
Shape 2
8
3
0 0
0.8179 0.34055
0.21345 0.55745
