4.08621
4.74563
6
Shape 7
11
6
0 0
1.37146 1.74497
1.15932 2.09859
0.75485 1.33241
0.61115 1.59421
0.25603 1.39337
Shape 6
7
5
0 0
0.0861 0.33353
0.26541 1.2105
0.29428 1.04366
0.53956 0.41089
Shape 5
7
7
0 0
0.38319 1.18868
1.23601 0.77745
0.44526 0.72158
0.78303 0.49263
0.86385 0.43708
0.32932 0.21482
Shape 4
14
4
0 0
0.52334 3.80566
1.81411 0.33824
0.30151 0.19254
Shape 3
15
6
0 0
1.25614 0.27163
1.54693 0.84228
0.84397 1.2979
0.8461 0.36593
0.07212 0.66921
Shape 2
13
3
0 0
0.22879 1.37144
0.88116 1.08492
