3.12965
2.34346
6
Shape 7
7
4
0 0
0.44996 0.34386
0.14957 0.64617
0.00851 0.81578
Shape 6
10
5
0 0
0.04472 1.30292
0.50259 1.08644
1.61777 0.73592
1.44433 0.11889
Shape 5
5
5
0 0
0.05388 0.73942
0.31076 0.76611
0.40837 0.35378
0.08609 0.06094
Shape 4
7
8
0 0
0.21567 0.02491
1.48771 0.28024
1.42881 0.30957
1.15774 0.45786
1.68076 0.73418
1.48924 1.46529
0.29057 1.67233
Shape 3
5
5
0 0
0.3853 0.32267
0.6315 0.00981
0.31906 0.09744
0.3483 0.04917
Shape 2
9
5
0 0
0.40409 0.01319
0.93878 0.35646
1.09209 0.48792
0.00143 0.37909
