2.04296
3.91577
6
Shape 7
14
5
0 0
0.29243 1.03156
0.64648 0.73201
0.83843 0.79458
0.81043 0.49655
Shape 6
10
5
0 0
0.0543 3.26959
0.68259 2.85981
0.38439 0.88603
0.25204 1.22958
Shape 5
7
7
0 0
0.4361 0.47903
0.43155 0.44661
0.14287 0.01828
0.45985 0.05543
0.49783 0.59932
0.01917 0.50295
Shape 4
15
7
0 0
0.20309 0.30269
0.173 0.50768
0.39528 0.43918
0.2069 0.83269
0.16186 0.57241
0.03822 0.39417
Shape 3
13
6
0 0
0.78473 0.34512
0.40846 1.07904
0.35223 0.36503
0.29485 0.41619
0.13664 0.94857
Shape 2
14
7
0 0
0.23007 0.81296
0.19528 0.84493
0.18797 0.86204
1.08364 0.98678
0.67296 0.48297
0.89457 0.05622
