4.49519
4.65595
6
Shape 7
12
5
0 0
0.04261 0.43237
0.84668 0.29388
0.75492 0.14646
1.05386 0.04858
Shape 6
12
6
0 0
0.37931 0.09227
1.39362 0.13691
1.32806 0.37439
0.7241 0.18995
0.41977 0.50178
Shape 5
9
3
0 0
0.95653 1.5498
1.66928 0.07184
Shape 4
9
6
0 0
0.49523 0.24223
1.46633 0.60535
2.88062 0.34698
2.99725 0.02896
1.75734 0.11684
Shape 3
13
3
0 0
0.38349 1.33982
1.66504 1.01034
Shape 2
12
8
0 0
0.04602 2.74025
3.65261 1.02139
2.75406 0.95547
0.23665 2.14344
0.57381 1.21801
1.15907 1.5025
2.20746 0.23682
