2.71667
4.87387
6
Shape 7
8
3
0 0
0.2758 0.52225
0.10435 1.35019
Shape 6
14
4
0 0
1.19961 0.1396
0.76504 0.43879
0.2114 0.24175
Shape 5
6
6
0 0
0.14754 0.11186
0.16334 0.24966
0.59756 1.14549
0.20602 1.16711
0.05677 0.46787
Shape 4
12
4
0 0
0.62954 1.47001
0.94183 1.81868
1.21724 0.75183
Shape 3
15
7
0 0
0.70618 0.05666
1.44467 0.38618
1.27451 1.7127
1.09057 1.91829
0.067 1.59054
0.24705 0.86587
Shape 2
11
7
0 0
0.21629 1.59817
1.22254 2.01888
0.56884 0.26781
0.64409 0.27737
1.5008 0.1585
1.48371 0.12246
