2.5143
2.88009
6
Shape 7
11
5
0 0
0.1101 0.73762
0.3582 0.64154
0.30807 0.01338
0.08491 0.01236
Shape 6
9
8
0 0
0.34576 0.58175
0.18209 0.63496
0.25144 0.49695
0.1472 0.38879
0.16617 0.7309
0.03926 0.80617
0.00745 0.62009
Shape 5
9
5
0 0
1.01745 0.09734
1.42533 1.36092
0.4435 1.52295
0.33101 1.23168
Shape 4
7
7
0 0
0.03841 0.47091
0.64555 0.54804
0.7524 0.12241
0.26073 0.46367
0.09748 0.40936
0.51897 0.00085
Shape 3
14
8
0 0
1.56388 0.41753
1.62856 0.97358
0.83742 0.29344
0.55251 1.18203
0.12866 0.75126
0.03559 0.56806
0.01623 0.32699
Shape 2
8
3
0 0
0.49326 0.21801
0.16102 0.89709
