3.03789
3.05495
6
Shape 7
7
3
0 0
2.30941 0.01794
1.74196 0.27301
Shape 6
15
6
0 0
0.45966 1.50957
0.58282 0.19196
0.48587 0.26701
0.13705 0.26287
0.14752 0.13243
Shape 5
14
8
0 0
0.34867 0.7972
1.36584 0.72053
1.22477 0.44205
1.38099 0.35789
1.17209 0.19333
1.22445 0.14982
0.60145 0.14713
Shape 4
7
5
0 0
1.95822 1.15369
1.79869 1.37814
0.34784 1.82152
0.19614 0.74794
Shape 3
9
6
0 0
0.2867 1.07635
0.62579 1.22329
0.63467 0.98887
0.53531 0.44335
0.38805 0.30877
Shape 2
10
6
0 0
1.08008 0.63163
1.09447 1.10711
0.91235 1.7811
0.30566 1.35742
0.25986 1.11874
