3.44822
2.42189
6
Shape 7
14
5
0 0
0.07618 0.58326
0.18076 0.78388
0.33565 0.06871
0.19962 0.18947
Shape 6
6
5
0 0
0.8091 0.65262
1.04135 1.8419
0.90632 1.78717
0.55492 1.71728
Shape 5
9
4
0 0
0.48792 0.10202
0.63871 0.78502
0.05513 0.66025
Shape 4
7
4
0 0
1.20543 0.03703
0.93615 0.19471
0.37436 0.25795
Shape 3
5
7
0 0
0.30923 0.07388
0.72508 0.21239
1.11161 0.25511
0.25796 0.44158
0.28386 0.36899
0.39755 0.39208
Shape 2
13
7
0 0
1.91913 0.18188
1.9595 0.54668
2.09789 0.60583
2.90498 0.85731
0.02934 1.26554
0.6251 0.69375
