2.77509
3.84967
6
Shape 7
14
6
0 0
0.29803 0.39359
1.40408 1.72871
0.5706 3.14375
0.25312 2.03329
0.03333 1.97048
Shape 6
14
4
0 0
0.75791 0.37845
0.65255 0.57332
0.1239 0.41694
Shape 5
12
8
0 0
0.12131 0.94112
0.25314 0.89332
0.42963 0.91345
0.61922 0.68099
0.65767 0.28177
0.1011 0.52347
0.28417 0.22106
Shape 4
5
6
0 0
2.43351 0.12169
2.2225 0.1437
0.68876 0.09372
0.69744 0.14013
0.58828 0.17855
Shape 3
12
4
0 0
1.17767 0.58989
1.39471 1.00333
0.06836 0.31928
Shape 2
12
8
0 0
1.13098 0.92579
1.26776 0.74687
1.10479 0.31772
1.31782 0.07442
0.62427 0.20299
0.46526 0.01014
0.41335 0.04851
