4.65851
4.72624
6
Shape 7
8
5
0 0
1.38397 0.70225
1.2935 0.27769
1.1614 0.34982
1.07337 0.00377
Shape 6
14
5
0 0
0.59403 3.24261
2.14712 2.02347
2.00037 0.57882
1.58175 0.47064
Shape 5
15
4
0 0
0.02053 0.18106
0.87499 0.24742
1.52385 0.11461
Shape 4
12
6
0 0
0.08513 2.01463
0.78109 1.90209
0.71219 1.10461
0.64962 0.30497
0.2865 0.51843
Shape 3
15
3
0 0
0.68847 0.52382
0.10431 1.43814
Shape 2
7
8
0 0
0.24408 0.20071
0.63866 1.00128
2.64155 1.02542
1.11873 0.49361
2.56191 0.47713
1.76997 0.02125
0.52629 0.09697
