3.23957
2.73407
6
Shape 7
5
6
0 0
1.07696 0.89589
1.35954 1.05597
0.71996 1.21109
0.37912 0.97775
0.35069 1.00781
Shape 6
11
3
0 0
0.08056 0.82805
0.77851 1.09354
Shape 5
12
8
0 0
0.06222 0.55338
2.34266 0.88691
2.58031 0.57043
1.59644 0.71497
1.81659 0.36167
2.65349 0.31631
2.27123 0.2006
Shape 4
10
7
0 0
0.24126 0.86974
0.46059 0.72961
2.38968 0.98065
2.15533 0.08646
1.01347 0.63318
0.54137 0.26623
Shape 3
15
5
0 0
0.9334 0.26849
0.67308 0.6527
0.51317 0.61293
0.10246 0.18294
Shape 2
12
6
0 0
0.20851 0.55276
0.50553 0.24406
0.699 0.23689
0.92425 0.02881
0.49037 0.13743
