3.15161
3.77471
6
Shape 7
14
6
0 0
2.12414 0.4582
1.91462 1.24908
1.63207 0.77536
1.22261 1.45557
0.8414 2.71558
Shape 6
6
6
0 0
0.09089 0.52596
0.51824 0.95256
0.60456 0.37305
0.13456 0.31137
0.18667 0.22798
Shape 5
13
7
0 0
0.09256 0.41878
0.6606 0.35487
0.39768 0.26059
0.90811 0.27519
0.51497 0.09411
0.23046 0.02766
Shape 4
7
4
0 0
0.52149 0.72935
1.3861 0.27007
1.49166 0.00273
Shape 3
7
5
0 0
0.08733 2.68273
0.60206 1.8734
0.53482 1.76899
0.26556 0.97077
Shape 2
8
6
0 0
0.66226 1.03665
0.43105 0.95575
0.4078 0.64199
0.13249 0.70162
0.03607 0.63447
