2.02354
2.81863
6
Shape 7
7
7
0 0
0.92814 0.13479
0.69537 0.88734
0.53184 1.79498
0.04068 1.98333
0.25586 1.4183
0.02707 0.7589
Shape 6
11
5
0 0
1.3862 0.01085
0.53026 0.77641
0.41211 1.37205
0.00419 1.71363
Shape 5
12
5
0 0
0.01545 0.50169
0.7558 0.55755
1.46774 1.07528
1.33626 0.70091
Shape 4
5
3
0 0
0.30562 1.06036
0.05932 1.58564
Shape 3
8
6
0 0
0.81883 0.30205
0.74053 0.76477
0.52081 0.69529
0.18387 0.41167
0.14586 0.20658
Shape 2
8
5
0 0
0.4508 0.04381
0.34262 0.59396
0.20349 0.92466
0.04121 0.07395
