2.80138
2.15804
6
Shape 7
9
5
0 0
0.17688 0.64717
0.60461 0.69189
0.44649 0.07062
0.22615 0.2441
Shape 6
15
6
0 0
1.27707 0.83257
1.22902 0.9007
0.79992 1.05412
0.61618 1.71991
0.09927 1.73596
Shape 5
14
4
0 0
0.17269 0.33642
0.51145 0.31973
0.7301 0.26728
Shape 4
10
6
0 0
0.40842 0.3381
0.03479 0.49544
1.5622 0.31663
1.67989 0.22734
1.21677 0.22048
Shape 3
12
7
0 0
0.74892 0.17474
0.96032 0.32039
0.28985 0.58002
0.50259 0.2207
0.25425 0.15719
0.08445 0.17134
Shape 2
8
5
0 0
0.45446 0.2213
0.25894 0.5749
0.16194 0.17185
0.09945 0.27242
