2.29846
4.77976
6
Shape 7
8
3
0 0
0.61611 0.15525
0.72687 0.73736
Shape 6
7
7
0 0
0.18809 1.51515
0.25978 1.8554
0.23036 1.96775
0.39793 2.40047
0.374 1.22393
0.30402 0.22072
Shape 5
12
7
0 0
0.61897 0.40582
0.54118 0.60755
0.9625 0.50487
0.18778 0.12258
0.27412 0.0073
0.23156 0.01032
Shape 4
15
7
0 0
0.04692 0.53701
0.12603 0.68864
0.36881 0.40864
0.2858 0.38593
0.34272 0.17104
0.24117 0.08607
Shape 3
12
4
0 0
1.42127 0.21295
1.63933 2.06507
0.32971 2.42439
Shape 2
6
4
0 0
0.71137 0.5284
0.52941 0.73635
0.30071 0.7402
