3.72238
2.5778
6
Shape 7
11
8
0 0
0.61961 0.26014
0.44196 0.56299
2.03948 0.24667
1.62554 0.22778
0.89569 0.31901
1.17699 0.07362
0.67193 0.07475
Shape 6
12
5
0 0
0.01204 1.1278
0.76733 0.24965
0.56156 0.04021
0.352 0.3258
Shape 5
14
5
0 0
1.65114 0.02732
1.38674 1.47712
0.6487 1.21565
0.53804 0.87381
Shape 4
9
5
0 0
0.95655 0.03098
2.20422 0.20823
0.39192 0.91186
0.27507 0.09538
Shape 3
10
3
0 0
0.48652 0.23457
0.39439 0.82166
Shape 2
12
5
0 0
1.49515 0.06193
1.70097 0.0644
1.2879 0.40174
1.15842 0.78977
