3.47512
3.2103
6
Shape 7
8
5
0 0
0.09934 0.62758
0.43985 0.72909
0.43738 0.69399
0.61374 0.72758
Shape 6
7
7
0 0
0.04143 0.6193
0.56834 0.4649
0.3384 0.00437
0.24764 0.37671
0.02724 0.28638
0.16586 0.14546
Shape 5
9
5
0 0
1.31843 0.30954
1.67454 0.74789
1.15686 1.4541
0.24208 2.0616
Shape 4
15
4
0 0
0.97055 1.28495
1.04604 2.16646
0.02596 2.09504
Shape 3
6
7
0 0
0.84068 0.52882
1.7785 0.1885
1.41874 0.16263
0.57056 0.08336
0.64254 0.01772
0.43649 0.06377
Shape 2
9
3
0 0
0.46513 1.71225
0.01336 1.62187
