3.64122
3.7382
6
Shape 7
5
6
0 0
0.56701 0.11982
0.54098 0.15275
0.49781 0.68842
0.18732 0.41593
0.25643 0.25151
Shape 6
5
8
0 0
0.87343 0.86416
1.1089 0.84577
1.2506 0.79551
0.96463 0.68256
1.28334 0.51852
1.22477 0.17399
0.11348 0.03305
Shape 5
15
4
0 0
0.09638 0.33293
1.35437 1.47722
1.42122 0.98462
Shape 4
10
5
0 0
0.24299 1.25709
0.22759 1.30808
1.57941 2.07263
1.95719 0.22951
Shape 3
10
4
0 0
0.92822 0.04128
0.56656 0.58067
0.54221 0.62552
Shape 2
13
6
0 0
0.95933 2.43555
1.20631 1.99994
1.3931 0.81045
0.66498 1.10752
0.82705 0.5227
