3.27576
4.48964
6
Shape 7
10
3
0 0
1.20233 0.52748
0.26607 1.19951
Shape 6
15
5
0 0
1.40819 0.00755
1.47844 2.08938
1.1176 1.54132
0.32741 1.56453
Shape 5
12
8
0 0
0.21916 0.14918
0.69914 0.19103
1.56055 1.23887
1.11696 1.73571
0.73842 0.81644
0.68227 0.83244
0.07822 1.56009
Shape 4
13
6
0 0
0.96236 0.16525
0.49975 0.60663
0.43485 0.56704
0.51393 0.94292
0.0272 0.61359
Shape 3
9
5
0 0
0.03763 0.43595
0.28951 0.53603
0.45782 0.04688
0.06105 0.03211
Shape 2
14
3
0 0
1.77526 0.62497
0.3931 1.03631
