2.9136
4.01443
6
Shape 7
12
4
0 0
2.17698 1.0286
0.26171 2.24197
0.26643 2.04758
Shape 6
13
5
0 0
0.86744 1.00989
0.98504 2.21828
0.74715 2.20766
0.06952 1.20495
Shape 5
9
7
0 0
1.2326 0.22252
1.11881 0.41278
0.65012 0.84247
0.47909 0.53257
0.56179 0.35012
0.39491 0.3245
Shape 4
13
6
0 0
0.08709 0.43543
0.50728 0.44597
0.57675 0.36539
1.11338 0.52152
0.67462 0.07186
Shape 3
12
5
0 0
0.4647 0.3478
0.33904 1.00229
0.20026 0.6889
9e-05 0.8065
Shape 2
7
4
0 0
0.27146 0.41498
0.40972 0.17212
0.41592 0.12323
