4.89563
4.88177
6
Shape 7
15
4
0 0
2.72068 0.58726
2.34057 1.73832
1.01808 2.81502
Shape 6
8
6
0 0
0.00144 1.40006
0.48061 0.88549
1.16658 0.78501
1.01131 0.61673
0.66759 0.51184
Shape 5
10
5
0 0
1.09453 0.8462
0.99902 0.38727
1.14712 0.03456
0.99775 2.9918
Shape 4
14
4
0 0
1.75182 0.17209
0.47318 0.90708
0.10808 0.5624
Shape 3
11
4
0 0
0.73265 0.78872
0.94729 0.83728
0.71544 0.04244
Shape 2
10
8
0 0
0.10972 1.79669
0.59565 2.09739
0.64996 1.22146
0.81861 0.2971
0.23213 0.95827
0.12529 0.74696
0.36254 0.57338
