3.91415
3.46896
6
Shape 7
15
7
0 0
0.35019 0.22396
2.26938 1.15267
0.89791 0.98407
0.39396 1.32484
3.04396 1.0873
2.89436 0.52627
Shape 6
12
6
0 0
0.26061 0.17322
0.15289 2.06323
0.05195 1.66431
0.0358 1.62257
0.10091 1.5838
Shape 5
13
4
0 0
1.21034 0.01766
1.81767 0.45308
0.05695 0.55746
Shape 4
9
8
0 0
0.8637 1.46969
0.94096 1.329
0.70958 0.70006
0.96489 0.71044
1.30451 2.46956
0.00595 2.0644
0.10706 1.87345
Shape 3
6
6
0 0
0.13062 0.88303
0.90605 0.49915
0.94412 0.05684
0.42307 0.72496
0.42228 0.09231
Shape 2
12
4
0 0
0.6272 1.19691
0.35087 2.64652
0.25393 1.93921
