3.06232
4.23384
6
Shape 7
10
6
0 0
0.10091 0.90332
0.07641 0.92024
0.57293 0.93722
0.82658 0.98199
0.79614 0.49287
Shape 6
12
6
0 0
1.07263 0.27079
0.7462 0.82858
0.1898 0.4508
0.15595 0.3109
0.07259 0.28397
Shape 5
14
5
0 0
0.44885 0.42418
1.0118 0.50873
0.79573 2.37592
0.02034 1.77895
Shape 4
14
3
0 0
0.35866 0.79918
0.51917 0.17947
Shape 3
9
6
0 0
0.15817 2.50252
0.32089 1.81913
0.75298 1.37179
1.07679 1.39999
0.9149 0.02877
Shape 2
5
5
0 0
1.82045 0.19491
1.96904 0.03622
2.01397 0.67107
0.27598 0.94719
