3.39614
3.65242
6
Shape 7
9
4
0 0
1.52247 0.19045
0.57145 1.49761
0.25155 1.18621
Shape 6
14
7
0 0
0.49513 0.72641
0.65183 0.53498
0.36446 0.31843
0.58709 0.28559
0.51335 0.13714
0.04604 0.01282
Shape 5
15
5
0 0
0.40805 0.69408
0.30192 0.6766
0.30752 1.07597
0.05237 0.70975
Shape 4
13
7
0 0
0.90136 0.02727
0.98486 0.95809
0.92981 0.95503
0.84694 1.14611
0.66933 0.15942
0.1208 1.17483
Shape 3
9
4
0 0
0.84099 3.03456
1.68022 1.76417
1.47442 0.10185
Shape 2
8
5
0 0
0.35248 1.03116
1.11347 0.47351
1.25117 0.39424
1.07989 0.14752
