4.84574
4.21282
6
Shape 7
14
5
0 0
0.07204 0.94854
1.11068 0.80635
0.7828 0.50593
0.65551 0.19271
Shape 6
15
6
0 0
0.09323 2.52055
1.58938 1.80377
1.27434 1.14695
0.93476 1.76668
0.64155 0.93759
Shape 5
13
5
0 0
0.25743 0.72121
0.76127 0.72767
0.52523 0.56581
0.43458 0.24366
Shape 4
9
4
0 0
0.29472 1.43966
0.78722 0.82727
0.55158 0.81952
Shape 3
10
6
0 0
3.38333 0.95248
1.28502 2.20127
1.21926 1.07984
0.43033 1.82218
0.06231 1.50502
Shape 2
12
4
0 0
0.98034 0.0288
1.13397 1.72348
0.97394 1.51395
