2.91983
4.15963
6
Shape 7
14
7
0 0
0.69778 0.01866
0.66416 2.5792
0.10478 1.92356
0.37043 0.21609
0.30275 0.15299
0.07569 0.98337
Shape 6
13
6
0 0
1.3004 1.42304
0.68463 2.02315
0.58237 1.53021
0.57308 0.73091
0.00512 1.83883
Shape 5
9
6
0 0
0.4604 0.16197
0.50953 0.21733
0.46353 0.57867
0.1619 0.53416
0.14059 0.3407
Shape 4
12
6
0 0
0.14333 0.38187
0.55321 0.66857
0.15264 1.28878
0.14059 0.76216
0.03358 0.5573
Shape 3
9
6
0 0
0.11261 0.85147
0.2353 0.55283
0.21986 0.47878
0.44907 0.60205
0.47467 0.2841
Shape 2
15
7
0 0
2.15543 1.86566
0.6465 1.80316
0.46389 1.84116
0.0953 2.14277
0.14182 1.49229
0.07302 1.39481
