3.85005
2.70666
6
Shape 7
12
7
0 0
0.25934 0.38758
2.26963 0.53435
1.82205 0.35847
1.59041 0.41431
1.15823 0.44799
2.55001 0.00924
Shape 6
10
5
0 0
0.78979 0.12015
0.27393 0.66294
0.05754 0.77215
0.24729 0.26128
Shape 5
11
3
0 0
1.24826 0.25114
0.18997 0.7692
Shape 4
9
8
0 0
0.77526 0.68958
0.07682 1.36106
0.03427 1.29844
0.37293 0.55599
0.53346 0.51914
0.31856 0.42387
0.26888 0.76926
Shape 3
14
4
0 0
2.06381 1.13648
2.11718 0.04044
0.53016 0.02713
Shape 2
15
4
0 0
0.08012 0.15195
1.79828 0.3448
2.22196 0.14694
