2.98221
2.90006
6
Shape 7
15
6
0 0
0.6754 0.48806
1.03909 0.54115
1.31256 0.57025
1.81341 0.37273
0.8067 0.15865
Shape 6
15
4
0 0
1.59414 1.08636
0.38541 1.00718
0.28301 1.09438
Shape 5
11
7
0 0
0.93033 0.96114
0.90861 0.55798
0.73506 0.4344
0.73826 0.04655
0.62878 0.20016
0.59721 0.06663
Shape 4
11
4
0 0
1.00736 0.08377
1.02968 0.89895
0.25338 0.25214
Shape 3
15
4
0 0
0.41945 0.07883
0.73583 0.54255
0.51256 0.66464
Shape 2
14
6
0 0
2.24671 0.09546
1.29995 0.77177
0.10922 0.1026
0.07787 0.63442
0.01154 0.62007
