2.62295
3.31033
6
Shape 7
14
6
0 0
0.18456 0.87077
0.20644 1.71136
0.46475 1.34196
0.69181 1.59285
0.66276 0.49315
Shape 6
14
3
0 0
0.6351 1.18449
0.54618 0.00929
Shape 5
9
5
0 0
0.56745 0.37151
0.78555 0.9647
0.65322 1.66636
0.24481 1.57229
Shape 4
12
3
0 0
0.41508 0.44592
0.06108 0.84842
Shape 3
8
7
0 0
0.70865 0.56125
0.36078 1.01721
0.27346 1.41072
0.00224 1.1971
0.03743 0.98626
0.15582 0.73832
Shape 2
8
7
0 0
0.89309 0.19464
2.05033 1.00699
1.62686 1.42937
1.061 1.47751
1.02763 1.36222
0.67299 1.8133
