3.86727
2.88854
6
Shape 7
11
5
0 0
0.1983 0.0898
0.53866 0.624
0.15677 0.68514
0.00302 0.11356
Shape 6
7
8
0 0
0.56103 0.04534
0.599 0.70797
0.30897 1.13674
0.13126 1.23726
0.06016 1.26156
0.30887 0.7673
0.23166 0.76315
Shape 5
15
5
0 0
1.55799 0.03503
1.40206 0.07248
1.46375 0.4251
0.2488 0.3845
Shape 4
7
8
0 0
0.59845 0.15922
0.76289 0.57124
0.66599 0.96793
0.36685 0.8311
0.1956 0.77317
0.26125 0.10219
0.05271 0.17885
Shape 3
7
3
0 0
0.91342 0.83255
1.03687 0.24231
Shape 2
10
5
0 0
0.56627 2.65118
1.37274 2.04493
2.77695 1.3181
1.37209 0.67476
