3.56613
3.61991
6
Shape 7
9
4
0 0
1.38344 0.83684
0.19468 1.02876
0.26854 0.79566
Shape 6
15
5
0 0
0.59304 0.99468
1.27934 2.3243
0.10805 2.22606
0.05639 1.60793
Shape 5
12
6
0 0
0.11901 0.57749
0.31422 0.75619
0.40661 0.8213
0.42693 0.69041
0.47248 0.64361
Shape 4
14
6
0 0
2.49642 0.22383
1.29118 0.34262
0.52668 0.53821
0.41793 0.40571
0.91285 0.33036
Shape 3
13
6
0 0
0.67711 0.14864
1.35537 1.43901
0.82059 2.59514
0.07196 1.98738
0.94853 1.57414
Shape 2
5
5
0 0
0.37723 0.10589
1.6194 0.23255
0.60666 0.37653
0.48397 0.55887
