2.08503
2.23675
6
Shape 7
12
7
0 0
0.32337 0.17913
0.8929 0.46405
0.89332 0.697
0.67731 0.59237
0.48701 0.878
0.03135 1.11965
Shape 6
5
5
0 0
0.67941 0.45692
0.60932 0.86985
0.08424 0.4011
0.0224 0.59202
Shape 5
12
3
0 0
0.0755 0.56978
0.34854 0.10677
Shape 4
7
5
0 0
0.33167 0.1151
0.20968 0.23431
0.33338 0.37295
0.21351 0.94236
Shape 3
13
6
0 0
0.24721 0.19191
0.72743 1.30472
0.35113 1.17597
0.15066 0.25442
0.11657 0.49328
Shape 2
15
5
0 0
0.32913 0.9736
0.7826 0.78534
0.81898 0.44061
0.29449 0.19055
