3.65219
2.95852
6
Shape 7
7
7
0 0
0.20436 0.40251
0.83293 0.90621
0.96353 0.46464
0.74322 0.67243
0.54729 0.59226
0.33943 0.1748
Shape 6
7
6
0 0
0.23768 1.42389
0.04336 1.9141
0.45719 1.99369
0.19532 0.87375
0.38172 0.47736
Shape 5
14
3
0 0
1.32474 0.06625
0.30323 0.73984
Shape 4
13
8
0 0
0.00411 0.62481
2.24362 1.31635
1.71691 0.279
1.37226 0.21343
0.71621 0.18896
0.6285 0.1509
0.31149 0.41806
Shape 3
14
8
0 0
2.00689 0.74409
1.71832 0.15727
2.56842 0.22729
2.12138 1.65199
1.21728 0.57635
0.52477 1.62797
0.08033 0.9905
Shape 2
6
4
0 0
0.05537 0.54519
0.15493 0.68527
0.68263 0.25688
