3.55602
4.5286
6
Shape 7
14
5
0 0
0.19107 1.05025
1.62505 1.48352
1.60494 0.82943
1.36926 1.04382
Shape 6
14
6
0 0
0.87758 0.22769
1.47549 0.37151
0.49967 0.82108
0.14499 0.96742
0.15391 0.4346
Shape 5
15
4
0 0
0.55591 1.5011
1.35112 1.54551
1.73187 0.28211
Shape 4
5
4
0 0
0.59844 0.01086
0.8361 2.81084
0.48304 3.20165
Shape 3
14
8
0 0
1.49506 0.69902
1.79156 1.34746
2.02095 2.17478
0.2068 0.75944
0.26393 2.53463
0.02466 2.32868
0.21473 1.18811
Shape 2
5
4
0 0
0.71132 0.18883
0.81359 1.04574
0.61327 0.79411
