3.08932
3.65826
6
Shape 7
9
5
0 0
1.04726 1.97363
1.36932 3.09084
0.26904 2.95062
0.0023 2.62344
Shape 6
10
4
0 0
0.65181 1.54826
1.01735 0.63354
0.57697 0.01797
Shape 5
14
6
0 0
0.43525 0.63292
0.30683 0.65266
0.24437 0.3987
0.21027 0.71858
0.00419 0.78154
Shape 4
12
7
0 0
0.20464 0.86261
0.31954 0.67016
0.27137 0.32073
0.64184 0.39437
0.48885 0.13599
0.52541 0.0523
Shape 3
10
7
0 0
1.29231 1.47935
1.82021 1.15148
1.01575 0.53297
1.16061 0.5328
2.13313 0.25322
2.05149 0.11114
Shape 2
10
3
0 0
0.27632 0.60244
0.84375 0.10837
