2.6056
4.17683
6
Shape 7
14
6
0 0
1.65923 0.38665
1.01315 1.28027
0.85497 1.73327
0.15809 1.36594
0.68356 0.76747
Shape 6
9
6
0 0
0.70094 2.14868
1.14678 2.56338
1.07349 1.92762
1.25503 1.14266
1.33231 0.00994
Shape 5
14
5
0 0
0.32193 0.05916
0.62588 0.33289
0.18146 0.5111
0.09798 0.36277
Shape 4
8
8
0 0
0.09988 0.04155
0.59907 0.24936
0.31776 0.32438
0.27194 0.40552
0.14082 0.13866
0.12752 0.16517
0.09435 0.21791
Shape 3
11
3
0 0
0.22818 0.87366
0.53121 0.36092
Shape 2
8
4
0 0
0.69411 2.34132
1.10891 0.8454
1.2262 0.1332
