4.07512
3.22038
6
Shape 7
14
3
0 0
0.28398 0.884
0.68276 0.61851
Shape 6
9
7
0 0
1.57488 0.10884
1.36118 0.93737
1.00636 0.24518
0.65621 0.11367
0.40712 1.00129
0.14383 1.12288
Shape 5
15
7
0 0
0.67853 0.36408
0.60612 0.1299
1.85649 0.30533
2.49999 2.42446
0.50621 2.004
0.31142 0.88702
Shape 4
8
5
0 0
2.94179 0.18263
2.48652 0.20182
2.21198 0.40636
1.38058 0.2944
Shape 3
12
4
0 0
0.54722 0.29478
1.11105 0.50078
1.1651 0.06656
Shape 2
8
5
0 0
0.8495 0.83322
0.98981 1.38529
1.05342 1.61381
2.49676 0.05772
