2.8747
3.11436
6
Shape 7
10
5
0 0
0.43245 0.5286
0.53138 0.52112
0.56687 0.81638
1.10048 0.22063
Shape 6
13
5
0 0
0.29132 2.32169
0.88918 2.10667
1.21235 1.28837
1.26921 0.72393
Shape 5
6
3
0 0
1.0859 0.2012
1.28314 0.9228
Shape 4
13
4
0 0
0.32044 0.1024
0.41781 0.35698
0.29978 0.66128
Shape 3
14
8
0 0
1.13857 0.32583
0.24178 0.74115
0.21643 0.87057
0.22086 0.92405
0.16618 1.01375
0.04484 0.48877
0.15709 0.49359
Shape 2
7
8
0 0
0.0419 0.49637
0.07773 0.52959
0.42787 0.48193
0.56023 0.28034
0.62196 0.15722
0.19397 0.24815
0.43828 0.09197
