3.83469
2.82305
6
Shape 7
15
3
0 0
0.85113 0.04721
0.17641 0.91645
Shape 6
15
6
0 0
0.43017 0.72557
0.42186 0.40662
0.53792 0.13706
0.36592 0.21476
0.4273 0.06666
Shape 5
15
7
0 0
2.64669 0.04396
2.73073 1.0192
2.98391 1.13746
1.07214 1.34472
1.33377 0.61471
0.65986 0.18852
Shape 4
9
3
0 0
0.51309 0.44063
0.23675 0.81772
Shape 3
14
5
0 0
0.26849 0.53509
1.19036 0.11578
1.25967 0.06707
0.52639 0.16717
Shape 2
5
7
0 0
0.11174 0.60735
1.15895 0.6016
0.89133 0.52767
1.10799 0.42357
0.50692 0.46088
1.2601 0.03938
