2.97963
4.97302
6
Shape 7
13
7
0 0
0.05357 1.82242
0.32948 2.52921
0.6729 2.75309
0.41044 0.43002
0.94244 0.96672
0.9727 0.05682
Shape 6
8
7
0 0
0.72127 0.67766
0.59295 0.70299
0.5636 1.21254
0.22901 1.07016
0.08318 1.36635
0.01828 0.3317
Shape 5
10
7
0 0
0.42527 1.18236
2.01542 3.86476
2.02037 1.93506
1.68075 1.10261
1.69434 1.31743
1.09413 0.23753
Shape 4
8
3
0 0
0.30616 0.98575
0.47739 0.32826
Shape 3
8
4
0 0
0.21371 1.9577
0.89792 0.43585
0.42319 0.20346
Shape 2
6
4
0 0
0.37016 2.09886
0.70383 3.0641
0.90422 0.35592
