3.26073
4.90551
6
Shape 7
8
7
0 0
0.35551 0.13717
0.39907 0.93226
0.31302 0.95058
0.07048 0.73775
0.33277 0.55734
0.09361 0.38688
Shape 6
8
5
0 0
0.23985 0.50397
0.26065 0.40654
0.32143 1.42694
0.18313 1.50915
Shape 5
13
4
0 0
0.17217 0.42059
0.82697 0.98926
0.86867 0.47133
Shape 4
5
7
0 0
0.64246 0.18486
0.13473 0.68151
0.2994 0.12741
0.16033 0.1493
0.12141 0.46045
0.08519 0.35562
Shape 3
14
5
0 0
2.10089 0.26445
1.35577 1.85345
1.39103 3.68118
1.12845 3.0239
Shape 2
13
4
0 0
0.05499 2.42996
0.92522 2.34819
0.7952 2.00106
