2.5862
2.81528
6
Shape 7
7
5
0 0
0.11184 0.2904
0.50611 0.64432
0.63455 0.32591
0.23813 0.15469
Shape 6
15
7
0 0
0.0858 0.17219
0.3797 0.1414
0.17758 0.45482
0.11724 0.31137
0.11536 0.63384
0.00159 0.78065
Shape 5
13
3
0 0
0.0383 0.75986
1.33767 0.21054
Shape 4
9
5
0 0
0.78543 1.33252
0.95465 1.5776
0.21499 2.30422
0.04695 0.45572
Shape 3
8
5
0 0
0.17015 0.52025
0.18737 1.13316
0.78845 1.35498
0.60609 0.15509
Shape 2
11
7
0 0
0.75841 0.10562
1.40013 0.95999
0.72414 0.83095
0.10683 0.84454
0.82011 0.50716
0.0712 0.50035
