4.28992
4.70917
6
Shape 7
7
3
0 0
0.41936 0.93265
0.69708 0.31283
Shape 6
13
5
0 0
0.44937 2.10368
0.78211 1.53341
0.49407 0.4889
0.32961 0.08587
Shape 5
15
6
0 0
1.69564 0.91763
2.43859 0.42176
2.44143 1.45016
0.77839 1.69386
0.19905 1.20961
Shape 4
9
5
0 0
0.18246 0.24683
0.26155 2.05002
0.01312 1.18695
0.05715 0.62909
Shape 3
14
8
0 0
1.10644 0.0666
1.58239 0.17565
0.79703 0.96489
0.87437 2.30812
0.66505 2.39993
0.11979 2.05333
0.05861 0.63859
Shape 2
14
3
0 0
0.06531 1.00939
0.83471 0.19393
