3.31572
4.74398
6
Shape 7
5
7
0 0
0.64237 0.05409
0.34858 0.44329
0.0325 0.2603
0.04122 0.74081
0.05705 1.04552
0.00312 1.1238
Shape 6
14
5
0 0
0.04985 0.17974
0.07213 0.97938
0.99687 0.16356
1.19877 0.02091
Shape 5
15
7
0 0
0.11398 1.74465
1.42019 0.6141
2.47582 0.28241
2.30498 0.08322
1.96268 0.16419
1.99711 0.11076
Shape 4
12
4
0 0
0.08708 0.40195
0.3412 0.50875
0.55714 0.03164
Shape 3
10
5
0 0
0.82942 0.58251
0.49388 1.73851
0.24456 3.1446
0.14774 3.61283
Shape 2
11
5
0 0
0.22472 0.76776
1.50599 0.98563
1.68444 0.25987
1.54449 0.04131
