4.11506
2.79665
6
Shape 7
15
8
0 0
0.04998 1.00443
1.921 0.75626
1.96117 0.21069
0.7099 0.32575
0.78507 0.79767
0.03258 0.46645
2.01157 0.00939
Shape 6
15
6
0 0
0.56942 0.68652
0.49152 0.7367
1.13763 0.77007
0.93282 0.17315
0.99774 0.07967
Shape 5
9
3
0 0
0.32358 0.71755
1.87817 0.52161
Shape 4
15
6
0 0
0.02856 1.25215
0.92929 1.15533
0.51696 0.90626
0.81576 0.16196
0.12596 0.18304
Shape 3
14
5
0 0
0.52054 0.84034
0.70056 0.60857
0.53298 0.62775
0.45869 0.07958
Shape 2
7
4
0 0
0.1859 0.3769
0.48071 0.66679
1.26887 0.28166
