3.99088
2.93407
6
Shape 7
5
3
0 0
0.38541 0.27954
0.22377 0.699
Shape 6
5
7
0 0
0.32389 1.15734
0.51611 1.18776
0.2352 0.14657
0.50472 0.2517
1.24806 0.45944
1.19513 0.1003
Shape 5
5
6
0 0
0.30328 0.12919
0.84923 0.93918
0.43099 0.95276
0.44317 0.64172
0.33837 0.57434
Shape 4
7
5
0 0
0.41474 0.19806
0.53998 0.92629
0.19654 0.61986
0.08337 0.47364
Shape 3
14
5
0 0
0.66644 0.02909
0.84496 0.18262
0.94307 0.21806
0.41483 0.32107
Shape 2
13
6
0 0
0.72588 1.49532
1.97186 1.81359
3.273 1.09163
3.38189 0.6159
3.2708 0.62527
