2.15281
2.60205
6
Shape 7
9
4
0 0
0.72801 0.19421
0.53477 0.54224
0.02398 0.27938
Shape 6
10
6
0 0
0.20005 1.11547
1.7558 1.06883
0.93706 0.10547
0.80107 0.01164
0.74548 0.28636
Shape 5
7
5
0 0
0.62861 0.03081
0.43057 0.25802
0.61498 0.54963
0.10307 1.08748
Shape 4
11
6
0 0
0.28224 0.29908
0.71641 0.25347
0.33175 0.82313
0.15401 0.92094
0.00227 0.52497
Shape 3
9
5
0 0
0.01361 0.1466
0.02597 0.27918
0.23569 0.39676
0.17323 0.14904
Shape 2
14
5
0 0
0.57343 0.00665
0.68951 0.5172
0.41665 0.68164
0.17907 0.78532
