3.18478
3.09528
6
Shape 7
11
6
0 0
1.9725 0.56833
2.1971 0.91922
1.07107 0.96018
0.10329 0.58671
0.26735 0.4115
Shape 6
10
4
0 0
0.26254 2.02884
1.5296 1.92813
1.65374 0.96935
Shape 5
12
4
0 0
0.07472 0.74003
0.4167 0.94667
0.10603 0.14234
Shape 4
15
3
0 0
0.17337 0.49466
1.20083 0.47081
Shape 3
15
7
0 0
0.21363 0.65419
0.45718 0.11187
1.06326 0.25012
1.03525 0.08907
0.94559 0.17124
0.3524 0.002
Shape 2
9
7
0 0
0.79285 0.35018
0.60248 0.98248
0.39989 0.96021
0.20354 1.12443
0.17214 1.07247
0.01018 0.25527
