4.99155
4.79767
6
Shape 7
13
4
0 0
0.11029 1.36033
0.53829 2.24674
1.40338 2.0877
Shape 6
9
4
0 0
1.64802 1.2276
1.4829 1.80161
0.33028 1.08817
Shape 5
10
7
0 0
1.36226 2.0448
0.9473 2.34948
1.40678 3.51948
0.62757 3.56012
0.16965 3.46978
0.1207 2.48558
Shape 4
8
3
0 0
0.23367 1.72888
1.32882 1.17011
Shape 3
14
8
0 0
1.5128 0.23283
0.87251 1.45388
0.74777 0.40245
0.47018 0.13
0.52121 0.44169
0.37555 1.43142
0.11977 1.01769
Shape 2
10
5
0 0
0.08649 1.54617
1.81061 2.57594
2.05225 0.15701
1.45052 0.61911
