3.80876
3.91829
6
Shape 7
10
3
0 0
0.40136 0.86754
1.34272 0.32245
Shape 6
12
7
0 0
0.62115 0.13016
0.71191 0.21631
2.57444 2.37572
2.05191 2.36108
1.52048 2.77214
0.63819 2.69742
Shape 5
8
6
0 0
0.24122 0.95223
0.58149 1.07527
0.50482 0.24413
0.47389 0.26972
0.26964 0.17751
Shape 4
12
5
0 0
2.22537 2.99965
2.25494 1.80105
1.44173 0.38299
0.59111 0.06148
Shape 3
9
4
0 0
0.1776 0.00186
1.16522 0.01207
0.56407 0.49136
Shape 2
11
5
0 0
0.76181 0.35429
1.2217 0.90347
0.41907 1.20788
0.01955 1.26615
