4.73037
2.36781
6
Shape 7
11
5
0 0
0.68771 0.25884
0.34944 0.60578
0.19254 0.69459
0.28349 0.47726
Shape 6
14
5
0 0
0.60588 1.26495
1.16078 1.66617
1.92534 1.27211
0.9565 0.48768
Shape 5
13
7
0 0
0.45453 0.18872
0.50356 0.62851
1.42383 0.50841
1.40426 0.4332
0.81594 0.23704
1.11222 0.00139
Shape 4
5
3
0 0
1.24372 0.94416
1.16146 0.12014
Shape 3
13
6
0 0
3.48576 1.05092
1.88276 1.03077
1.26401 0.52672
0.94337 0.30278
0.39275 0.74178
Shape 2
14
4
0 0
1.04727 0.15746
1.33571 0.46626
0.70212 0.76597
