4.1534
3.92479
6
Shape 7
14
6
0 0
0.07604 1.5626
0.75753 0.98303
0.81694 0.00799
0.69553 0.08358
0.30086 0.68065
Shape 6
15
5
0 0
0.60688 2.20019
0.96873 0.75741
1.55832 1.02238
1.35482 0.24581
Shape 5
15
7
0 0
0.83538 0.0497
1.29999 0.56706
1.35927 1.74796
1.03411 1.69073
1.08653 0.72736
0.69226 0.87485
Shape 4
9
4
0 0
0.92115 0.939
2.53185 1.1032
2.71258 0.10509
Shape 3
9
4
0 0
0.04398 0.22894
0.1037 1.2699
0.31235 0.20887
Shape 2
11
6
0 0
0.00408 0.26096
2.22854 0.47235
1.93526 0.12365
1.15536 0.11539
1.95725 0.01076
