4.76568
3.97725
6
Shape 7
15
5
0 0
0.1376 1.2552
0.93712 1.18582
0.27924 0.36861
0.81295 0.1276
Shape 6
13
5
0 0
0.25604 0.97825
0.38505 0.99699
0.90025 0.33241
1.15385 0.19563
Shape 5
12
6
0 0
0.09546 1.49509
0.00113 2.67601
0.6381 2.66899
0.99031 1.78729
1.2424 0.47964
Shape 4
15
6
0 0
0.65041 0.37754
0.57422 0.53745
1.12137 0.2823
0.74815 1.70658
0.17886 1.15864
Shape 3
10
4
0 0
0.42489 1.85666
1.00026 1.32416
1.82711 0.02222
Shape 2
12
5
0 0
0.72325 0.19591
1.0773 0.59279
1.04334 0.65765
0.10765 1.1766
