2.57217
2.26237
6
Shape 7
9
4
0 0
0.47318 0.06713
0.22659 0.66619
0.10219 0.20804
Shape 6
12
5
0 0
0.23058 0.74908
0.96495 0.40873
1.02536 0.23874
0.75146 0.33402
Shape 5
10
7
0 0
0.72752 0.12626
0.28126 0.15179
0.31522 0.22755
0.30132 0.32931
0.20352 0.32078
0.18596 0.13016
Shape 4
12
4
0 0
0.48365 0.85342
1.50377 0.85629
1.36314 0.29701
Shape 3
13
5
0 0
0.34285 0.96257
1.20426 0.2072
1.09504 0.10712
0.43511 0.16139
Shape 2
10
5
0 0
0.26339 0.94324
0.72442 0.76512
0.86736 0.26831
0.78217 0.32104
