3.22285
4.99426
6
Shape 7
5
4
0 0
0.33379 0.82352
0.30987 0.06713
0.26993 0.03348
Shape 6
11
5
0 0
1.23947 0.6798
1.52848 3.3606
0.96131 3.77524
0.12846 3.76516
Shape 5
11
5
0 0
0.84727 1.52078
0.96805 2.25566
1.4331 1.15616
0.51684 0.009
Shape 4
13
5
0 0
0.75401 0.0789
1.89627 0.01072
0.93606 0.56045
0.32655 0.17994
Shape 3
7
7
0 0
0.85862 2.33517
0.62535 2.17755
0.62178 2.3925
0.59388 2.46612
0.14849 1.31914
0.1008 1.14436
Shape 2
14
7
0 0
0.03209 0.1053
0.35099 0.4221
0.60258 0.71799
0.70357 0.58499
0.64452 0.03904
0.41823 0.31908
