2.24508
4.05615
6
Shape 7
13
6
0 0
0.17204 1.0298
0.61976 0.19335
0.29789 0.38241
0.13044 0.35704
0.35807 0.02057
Shape 6
13
5
0 0
1.30837 0.03035
0.60304 1.32804
0.56696 1.2098
0.58571 0.95016
Shape 5
8
5
0 0
0.39851 0.92932
0.03388 1.61888
0.19342 0.46582
0.05931 0.65336
Shape 4
15
4
0 0
0.57892 1.71975
1.41566 0.75028
1.24438 0.08597
Shape 3
10
8
0 0
0.68376 0.72295
0.33835 1.49323
0.03373 0.62337
0.10471 0.55206
0.20478 0.60297
0.16684 0.52773
0.00569 0.21243
Shape 2
6
8
0 0
0.05059 0.53529
0.34509 0.91969
0.53927 1.04296
0.48275 0.87095
0.51758 0.20883
0.24586 0.45032
0.05005 0.08488
