2.59513
2.328
6
Shape 7
7
6
0 0
0.0563 0.32956
0.39213 0.59488
0.45394 0.62277
0.82637 0.65249
0.26134 0.09232
Shape 6
13
6
0 0
0.09217 0.66703
0.48435 1.17115
1.19318 1.30051
1.16328 0.83664
0.33356 0.08458
Shape 5
7
3
0 0
0.90896 0.76406
1.30891 0.12211
Shape 4
12
5
0 0
0.02871 0.90031
0.36733 0.8397
0.2162 0.29354
0.28428 0.1849
Shape 3
7
7
0 0
0.51975 0.0713
0.45189 0.61309
0.32404 0.76181
0.19616 0.74936
0.01065 0.3214
0.21211 0.42572
Shape 2
14
7
0 0
0.07698 0.74904
0.17459 0.64453
0.6785 0.73611
0.57551 0.12901
0.4213 0.11726
0.38885 0.16983
