2.33706
3.74127
6
Shape 7
14
6
0 0
0.45152 0.40922
0.59273 0.62181
0.83344 1.54397
0.7011 1.95796
0.02422 2.17378
Shape 6
5
3
0 0
0.14019 0.51666
0.61026 0.41793
Shape 5
13
5
0 0
0.02855 0.1226
0.13228 0.44948
1.39494 0.22293
0.62428 0.05649
Shape 4
13
5
0 0
0.83516 1.03141
0.76687 1.26867
0.47168 0.98929
0.13305 1.00853
Shape 3
8
6
0 0
0.55976 0.71583
0.54138 1.27585
0.58241 1.81845
0.07512 1.73808
0.04862 0.98512
Shape 2
8
7
0 0
0.20381 1.12996
0.68238 1.6776
0.50319 0.33756
0.89549 0.12004
0.86064 0.07447
0.69017 0.07847
