3.85663
4.2907
6
Shape 7
15
4
0 0
0.28586 0.68875
0.40116 1.05252
0.70332 0.05744
Shape 6
7
8
0 0
0.42325 0.38813
0.95676 0.2453
0.75439 0.15864
0.26173 0.16066
0.21316 0.08298
0.21191 0.06193
0.22841 0.02014
Shape 5
6
8
0 0
0.08977 0.18056
0.25521 0.53077
0.59493 0.67252
0.37163 0.25585
0.50973 0.06002
0.08494 0.11583
0.13766 0.01089
Shape 4
15
5
0 0
1.98457 0.15014
2.25576 2.30875
1.45781 1.77099
0.31096 2.18314
Shape 3
6
3
0 0
0.31238 1.09338
0.59084 0.15928
Shape 2
11
3
0 0
1.88133 0.11282
0.11481 1.23516
