2.61345
4.57532
6
Shape 7
12
7
0 0
0.46203 1.29513
1.18773 0.35536
0.83555 0.31894
0.86464 0.15099
0.51768 0.14011
0.4066 0.23436
Shape 6
7
4
0 0
0.67303 1.27085
2.08616 1.22361
2.13331 0.69784
Shape 5
5
6
0 0
0.49269 0.7464
0.07718 1.03394
0.89666 1.01835
1.65986 0.02995
0.79121 0.26967
Shape 4
9
4
0 0
0.3223 1.2426
0.44651 0.43502
0.40209 0.15967
Shape 3
9
7
0 0
0.88434 0.45107
1.13161 0.9854
1.94865 0.3979
2.01984 2.21704
2.06062 2.54219
0.69954 3.20768
Shape 2
12
5
0 0
0.46936 2.23195
0.10701 2.24583
0.08965 2.66465
0.01909 2.85602
