2.83653
2.03096
6
Shape 7
12
5
0 0
1.7425 0.17231
1.89666 0.3794
2.18627 0.52702
1.45314 0.56887
Shape 6
9
5
0 0
0.538 0.00798
0.1468 0.76994
0.17944 0.5053
0.13812 0.45512
Shape 5
15
4
0 0
2.58443 0.19148
1.37108 0.9253
0.71386 0.82144
Shape 4
12
6
0 0
0.39829 0.1651
0.13907 0.68855
0.197 0.21672
0.22242 0.11935
0.07684 0.23925
Shape 3
5
6
0 0
0.85119 0.16731
0.29154 0.33245
0.10426 0.66862
0.00529 0.19681
0.01213 0.01927
Shape 2
15
5
0 0
0.09426 0.11671
0.89886 0.23658
0.90199 0.13257
0.19737 0.01871
