4.21731
2.72652
6
Shape 7
8
8
0 0
0.26497 0.11999
0.29616 0.04589
0.84789 0.40144
1.20862 0.182
1.14757 0.08202
1.19966 0.05859
0.66393 0.01603
Shape 6
13
6
0 0
0.19047 0.34889
0.37704 0.80439
0.65124 1.04301
1.17499 1.15102
1.22423 0.35565
Shape 5
12
4
0 0
0.79949 0.77679
1.45348 1.06915
2.3271 0.43114
Shape 4
15
5
0 0
1.71879 0.05091
1.61864 0.448
0.83659 1.00538
0.06094 0.54247
Shape 3
14
6
0 0
0.1753 0.3993
1.61032 0.35605
0.24443 0.20666
0.92664 0.10391
1.09859 0.07021
Shape 2
12
4
0 0
0.1827 0.18769
0.67216 0.59424
0.49049 2.22184
