3.15313
2.12742
6
Shape 7
12
4
0 0
0.20868 0.64958
1.54619 0.29893
1.73551 0.02294
Shape 6
12
7
0 0
0.46583 0.15619
1.04114 0.13438
1.34322 0.48203
1.07998 0.61093
0.36916 0.28426
1e-05 0.50991
Shape 5
15
6
0 0
0.41071 0.03659
0.44344 0.21678
0.45949 0.63467
0.06847 0.46981
0.00783 0.56124
Shape 4
8
4
0 0
0.25587 0.11444
0.0849 0.41382
0.03305 0.45654
Shape 3
11
8
0 0
0.2759 0.4895
1.77929 1.0221
1.55291 0.01408
0.31637 0.41388
0.21394 0.19224
0.47621 0.20004
0.90899 0.08069
Shape 2
6
6
0 0
0.09938 0.24191
0.08051 0.38887
0.30151 0.4724
0.61908 0.68431
0.68723 0.34693
