4.25427
4.85405
6
Shape 7
8
6
0 0
0.43276 0.76427
0.40369 0.92607
0.26841 0.77967
0.05683 1.0457
0.00966 0.50847
Shape 6
9
6
0 0
0.48729 1.64265
1.2376 1.7606
1.51591 1.32055
1.01035 0.88404
1.33921 0.82871
Shape 5
11
3
0 0
1.66255 0.25931
1.4889 1.7031
Shape 4
7
4
0 0
2.66907 0.22457
3.53245 0.15668
2.91962 2.93769
Shape 3
14
6
0 0
0.32174 4.10574
0.6392 3.17054
0.95448 3.95923
1.20309 2.74858
0.88081 2.45465
Shape 2
8
7
0 0
0.54431 1.81079
0.50379 1.0018
0.59746 0.26906
0.26808 0.80708
0.26357 0.22456
0.22767 0.10992
