2.41767
3.57225
6
Shape 7
15
5
0 0
1.76613 0.57726
1.15219 1.03194
0.72812 0.59723
0.3517 1.01007
Shape 6
12
7
0 0
0.75492 0.63738
0.14744 1.12395
1.44219 1.19287
1.2064 0.59975
1.85066 0.24771
0.54673 0.13889
Shape 5
15
6
0 0
0.38285 0.87208
0.28466 0.84568
0.08541 1.0298
0.15445 0.44598
0.02156 0.44808
Shape 4
6
8
0 0
1.1133 0.15473
1.01277 1.99104
0.89046 1.81361
0.95191 1.01219
0.92084 0.84652
0.46424 1.69714
0.48252 1.00947
Shape 3
6
3
0 0
0.49327 0.58801
0.61206 0.19299
Shape 2
15
4
0 0
1.16834 0.80031
0.15754 1.65872
0.08238 0.59936
