4.33024
2.90089
6
Shape 7
10
3
0 0
0.24734 0.79357
1.37369 0.70566
Shape 6
8
8
0 0
0.83362 0.23386
0.30191 0.4944
0.15153 0.23589
0.49058 0.25322
0.494 0.19474
0.40854 0.18299
0.13409 0.17032
Shape 5
8
3
0 0
0.75711 0.45337
0.17385 0.97758
Shape 4
12
6
0 0
2.00218 0.03524
2.29908 1.09939
0.83316 1.02926
0.56573 1.86189
0.39414 1.73466
Shape 3
13
6
0 0
0.77354 0.566
0.2292 0.7018
1.03399 0.7546
1.74629 0.52917
2.40434 0.14339
Shape 2
15
7
0 0
0.42451 0.54339
1.16547 0.39252
0.98613 0.23765
3.25482 0.26664
3.1053 0.19433
1.78844 0.04738
