4.37078
2.11761
6
Shape 7
15
4
0 0
0.3842 0.12967
2.46771 0.05656
1.06756 1.30081
Shape 6
9
6
0 0
1.33475 0.0206
0.47686 0.57205
0.4106 0.49468
0.22774 0.44464
0.19109 0.20329
Shape 5
12
7
0 0
2.47337 0.44655
1.14579 0.60346
1.21616 0.2433
0.47147 0.24133
0.70508 0.56317
0.00728 0.44852
Shape 4
13
7
0 0
0.28715 0.64774
0.89258 0.59787
0.81203 0.12597
0.84707 0.06345
0.55483 0.21317
0.36723 0.01188
Shape 3
13
5
0 0
0.3173 1.21265
1.73408 1.3283
1.71644 0.92115
0.59846 0.01298
Shape 2
6
4
0 0
0.07001 0.24336
0.3327 0.51693
0.44308 0.1422
