3.88871
3.58454
6
Shape 7
10
7
0 0
1.50875 0.69402
1.53479 1.27268
1.28621 1.61542
0.94168 1.04313
0.66442 1.26916
0.07835 1.51749
Shape 6
14
6
0 0
1.33644 0.1016
1.15128 0.45419
1.3453 1.64489
0.50817 0.97419
0.26599 1.57132
Shape 5
14
5
0 0
0.51664 0.2126
0.73164 0.34688
0.2355 0.54947
0.0368 0.46539
Shape 4
15
8
0 0
0.47968 1.172
0.83416 0.85466
0.39714 0.49487
0.94706 0.23855
0.8885 0.09417
0.50307 0.051
0.42117 0.30964
Shape 3
14
4
0 0
0.88518 0.24733
0.67058 1.36699
0.13228 0.29641
Shape 2
15
4
0 0
0.72636 0.11863
0.45293 1.26402
0.01931 0.9423
