4.08365
3.28367
6
Shape 7
13
3
0 0
0.95359 1.33932
0.1059 2.48198
Shape 6
9
6
0 0
0.1548 1.34502
1.33852 1.35594
3.12417 1.43275
1.73747 0.30744
1.78181 0.08831
Shape 5
5
7
0 0
0.24433 1.07452
0.65679 1.32337
0.51573 0.70261
0.30655 0.31122
0.1873 0.36355
0.29083 0.06331
Shape 4
11
7
0 0
0.3212 0.9632
0.36947 0.5293
0.49988 1.78849
0.1961 1.47065
0.24938 1.05837
0.02143 1.07648
Shape 3
11
4
0 0
0.38534 0.48376
1.0061 0.5178
1.04022 0.08187
Shape 2
7
4
0 0
0.30542 1.19114
1.11227 0.71918
0.79042 0.61113
