4.99186
4.13218
6
Shape 7
11
7
0 0
1.27858 0.64786
2.06034 0.67988
1.95249 1.37731
0.94808 1.04342
0.35042 1.31083
0.13364 0.8951
Shape 6
13
6
0 0
0.61763 0.29689
0.67284 0.27877
1.18978 0.65487
0.9334 0.80664
0.72333 1.23555
Shape 5
14
6
0 0
0.61208 0.17909
2.20292 1.11392
1.95469 1.33078
1.79559 1.17534
0.76696 1.60166
Shape 4
10
4
0 0
0.418 2.44905
2.2096 1.20261
2.10247 0.0798
Shape 3
6
7
0 0
0.4882 1.25724
0.84773 0.80547
0.75307 0.73786
0.88117 0.1343
0.64238 0.34186
0.52029 0.09785
Shape 2
13
5
0 0
0.58722 0.87571
0.69315 0.65663
0.56355 0.16784
0.30339 0.02405
