4.42706
3.2965
6
Shape 7
8
6
0 0
3.16911 0.83001
1.01141 2.1816
1.13636 1.52049
1.04651 1.2975
0.01867 2.50716
Shape 6
13
5
0 0
1.35246 0.08187
1.51096 0.60082
0.84347 0.44719
0.06624 0.64185
Shape 5
13
3
0 0
0.2374 1.56335
2.06319 1.78369
Shape 4
11
4
0 0
0.44869 0.89295
1.09027 0.53391
1.4366 0.0427
Shape 3
9
6
0 0
1.07447 0.56902
1.43957 2.91942
0.46498 1.84344
0.49305 1.79147
0.05835 0.18712
Shape 2
9
7
0 0
2.351 0.07856
1.77339 0.36247
1.55549 0.15443
0.99806 0.33365
0.96168 0.42534
0.61471 0.42416
