4.17321
2.27264
6
Shape 7
13
5
0 0
0.0911 1.10917
0.22483 0.72883
0.43133 0.47847
0.51191 0.30566
Shape 6
12
7
0 0
0.9481 0.13188
1.02591 0.07702
1.10684 0.05011
1.06876 0.87101
0.43141 0.62952
0.3486 0.42843
Shape 5
10
5
0 0
1.24319 0.06515
1.56222 0.16953
1.66109 1.09006
0.69548 0.33889
Shape 4
11
6
0 0
2.03713 0.02663
2.1707 0.45044
1.53366 0.40896
1.77691 0.63398
0.5806 1.12611
Shape 3
6
5
0 0
0.17993 0.57441
1.72846 1.3449
1.73185 0.86361
0.86078 0.4148
Shape 2
11
3
0 0
1.91359 0.09875
1.98196 0.5388
