4.27735
2.30207
6
Shape 7
11
7
0 0
0.19483 0.72032
0.35578 0.41068
0.84241 0.3284
0.55491 0.16133
0.25709 0.2795
0.28332 0.19833
Shape 6
12
3
0 0
0.13465 0.87337
1.03049 0.59252
Shape 5
11
8
0 0
1.68305 0.59552
2.45336 1.56207
1.72466 1.71643
1.64256 0.7501
0.78922 1.21757
0.13068 1.47923
0.12733 1.2636
Shape 4
13
4
0 0
0.44934 0.50983
0.26637 0.53214
0.06652 0.87379
Shape 3
12
8
0 0
1.00453 0.84659
0.97665 0.24696
0.77618 0.10504
1.17186 0.08839
1.5492 0.10627
1.13541 1.18812
0.08589 1.08241
Shape 2
14
3
0 0
2.50216 0.05991
0.74359 0.6614
