4.54631
4.52864
6
Shape 7
7
8
0 0
0.48603 1.56814
0.12879 1.22883
0.01988 1.60499
1.22621 1.64238
1.20938 0.96618
1.09385 1.14247
0.76772 0.20824
Shape 6
6
6
0 0
0.09326 0.18915
0.55696 0.8762
0.52538 0.08574
0.48724 0.07354
0.5129 0.04812
Shape 5
12
6
0 0
0.02056 0.32575
0.13889 0.45415
0.33381 0.27878
0.46451 0.0264
0.07009 0.0606
Shape 4
15
4
0 0
1.24948 0.28929
1.43298 1.42452
0.2638 1.49835
Shape 3
15
8
0 0
0.88522 1.833
2.30946 2.06505
1.49235 0.07409
1.37765 0.32218
0.6894 0.39093
0.37571 0.20761
0.566 0.12554
Shape 2
12
3
0 0
1.6862 0.08959
0.4044 1.24116
