3.2914
3.23822
6
Shape 7
14
5
0 0
0.56018 1.59341
1.44638 1.36636
0.95407 0.59621
1.43091 0.13156
Shape 6
11
4
0 0
0.59419 0.71895
0.90121 0.48486
0.45269 2.33568
Shape 5
5
5
0 0
1.18398 2.63167
0.96252 2.65384
0.18257 1.78932
0.04913 1.65368
Shape 4
11
7
0 0
0.02319 0.32944
0.52038 0.3842
0.48127 0.09153
0.29513 0.25352
0.25448 0.1064
0.23377 0.30671
Shape 3
6
4
0 0
0.06184 0.59576
0.55042 0.79307
1.07714 0.2298
Shape 2
14
7
0 0
0.15838 1.81952
1.54188 0.66901
0.96926 0.38495
0.67227 0.3682
0.16304 0.64624
0.17512 0.0499
