3.01876
2.08566
6
Shape 7
8
7
0 0
0.73445 0.02585
0.94513 0.10138
0.4072 0.61852
0.39698 0.11998
0.23831 0.08323
0.24423 0.37044
Shape 6
11
5
0 0
0.11973 1.02745
1.36993 0.84415
0.67487 0.53427
1.1699 0.13131
Shape 5
7
4
0 0
0.45342 0.2854
0.83066 0.20492
0.61098 0.01476
Shape 4
12
5
0 0
0.47885 0.39057
0.23247 0.46979
1.07425 0.63258
1.13133 0.16103
Shape 3
10
7
0 0
0.11477 0.66016
1.00253 0.78305
1.32295 0.77757
0.7099 0.47
0.24827 0.45789
0.63381 0.12953
Shape 2
12
3
0 0
0.48391 0.77601
2.10349 0.09923
