2.90862
3.86064
6
Shape 7
5
4
0 0
0.35195 0.23173
0.37646 1.08025
0.00501 1.18603
Shape 6
9
5
0 0
0.58924 1.37909
0.98054 1.10147
0.61676 1.01295
0.92061 0.44231
Shape 5
11
8
0 0
0.8935 1.13484
0.54422 1.52185
0.00659 0.3338
0.21746 0.29775
0.14255 0.20659
0.15004 0.25971
0.03951 0.18674
Shape 4
14
6
0 0
1.39797 1.15207
1.13647 1.19576
0.91023 1.6394
0.3349 0.90809
0.23416 0.91841
Shape 3
14
3
0 0
0.46316 1.18315
2.24211 0.17524
Shape 2
9
5
0 0
0.73996 2.30745
1.05696 0.90287
0.83585 0.23584
0.2834 0.03668
