4.56245
4.13309
6
Shape 7
5
5
0 0
0.28148 0.17181
0.23837 1.52392
1.46476 0.57072
0.93574 0.07596
Shape 6
6
4
0 0
0.07662 0.52065
0.26713 0.21724
0.47164 0.08846
Shape 5
14
7
0 0
3.32553 0.82806
2.13696 1.00867
2.72182 1.74577
0.4675 2.36707
0.05187 2.47692
1.0066 0.83853
Shape 4
14
3
0 0
0.9604 0.40693
0.2976 0.49121
Shape 3
14
5
0 0
0.68222 0.95384
0.79423 0.98128
1.27725 0.23814
1.36587 0.04329
Shape 2
15
7
0 0
0.15246 0.93218
1.96498 0.45664
1.106 0.39654
1.89492 0.03451
1.32731 0.07102
1.47336 0.14978
