2.87806
4.03516
6
Shape 7
7
4
0 0
0.60355 0.02289
0.02486 0.97855
0.01393 0.56113
Shape 6
14
4
0 0
1.28053 0.24876
1.35166 1.0348
0.48805 1.77032
Shape 5
9
6
0 0
0.33282 0.46719
1.39148 0.12206
0.5889 1.42664
0.59496 0.879
0.1015 1.32
Shape 4
11
3
0 0
1.20343 0.24153
0.07679 1.51647
Shape 3
15
7
0 0
0.1004 0.9888
0.38488 0.79097
0.3771 0.44728
0.69222 0.53937
0.83352 0.6467
0.90056 0.42411
Shape 2
12
7
0 0
0.37913 0.07745
0.40539 0.88361
0.10922 0.76605
0.31319 0.48367
0.32844 0.39138
0.13858 0.66729
