3.32725
2.12409
6
Shape 7
14
4
0 0
0.9358 0.24643
0.76652 0.26952
0.08327 0.28028
Shape 6
10
6
0 0
0.41782 0.54775
1.63363 1.00136
1.77219 0.82257
1.69024 0.62829
1.832 0.13967
Shape 5
10
6
0 0
0.54586 0.71397
0.48516 0.33769
0.49141 0.18387
0.56646 0.08051
0.18478 0.01122
Shape 4
14
6
0 0
0.96337 0.11432
1.12142 0.83507
0.45782 0.53439
0.84379 0.21548
0.14157 0.09949
Shape 3
6
6
0 0
1.82535 0.16778
0.49497 0.80587
0.00903 0.4215
1.04576 0.47246
0.21089 0.08993
Shape 2
15
3
0 0
1.41855 0.18367
0.27723 1.45911
