2.72501
3.69339
6
Shape 7
11
8
0 0
0.62095 0.56353
0.45546 0.98107
0.45195 0.71515
0.34533 0.44406
0.22097 0.45362
0.03242 0.75099
0.01567 0.37449
Shape 6
15
5
0 0
0.22602 0.68378
0.07673 1.68436
0.07523 1.66612
0.03135 1.03177
Shape 5
14
4
0 0
1.37531 0.27921
0.34216 1.59301
0.03402 1.98777
Shape 4
7
3
0 0
0.52445 0.03461
0.10594 0.51344
Shape 3
15
6
0 0
0.06995 1.75686
0.67984 1.56908
1.32155 0.84386
0.98253 0.70482
1.30143 0.32899
Shape 2
15
5
0 0
0.36422 0.70967
0.25437 1.00415
0.68302 0.70949
0.59148 0.31144
