2.85078
2.37077
6
Shape 7
14
3
0 0
0.17377 0.79301
0.54951 0.26609
Shape 6
9
6
0 0
1.15679 0.28494
1.78038 1.10315
1.01696 1.08732
0.80977 0.20053
0.30487 0.46328
Shape 5
6
4
0 0
0.0227 1.20711
0.5519 0.56813
1.05034 0.26968
Shape 4
15
5
0 0
0.51141 0.89306
0.44773 0.9257
0.20507 1.74044
0.03304 1.31597
Shape 3
12
7
0 0
0.84781 0.93711
0.77939 0.59435
1.1611 0.65513
1.01086 1.29991
0.11376 0.34249
0.0347 0.26062
Shape 2
8
8
0 0
1.4628 0.56668
1.49132 0.25274
1.33081 0.21729
1.83669 0.05141
1.76783 0.85865
1.44546 0.73226
0.26777 0.70421
